661021663124
928444952751
394759776446
249092550043
304546275605
118364102449
162718025417
430084824149
110997949317
982701895954
463581032715
361767212214
387743489818
377106472388
662072491672
283790051266
367882289068
415599576855
573897489425
608783145706
684928178617
965970913853
744890888456
108434076911
489837906691
916350584485
215109156085
143899272336
104902675311
754575159781
95610464562
817419865652
498599539
910357391953
289350975826
461054911862
694122423991
718992742591
789822378848
14250062969
256536095958
297277012370
570953187001
806441560487
295166266143
505427939966
316259559798
483721089794
429688038247
124844556016
666922533653
642938980788
282595441788
335965108782
944814122369
462435400853
753850798516
849491243490
482993700549
734099518195
778400066868
336755826192
414727813589
424831815998
789739758325
953377614623
117847529267
839836151662
193536083332
747913253424
696309979510
379570775363
737752794203
740431741753
404614303670
937980303596
565555827744
947570469941
109641573473
850986514147
989041453183
319433698086
218234074448
904076002472
997876546875
265504313704
678118641970
398040621626
289097309463
556264030496
915794530064
561652954205
915490536001
228800071419
851927704255
701607571869
13823238455
701728470714
163886512252
55389732067
